6813390517
6565991024
7281495879
5211776816
822713467
926419230
685709351
7621330830
5158638709
7702552810
6687658464
1954973555
7686196136
5975876454
8154096331
7937041092
7473965220
7480373318
6867522464
2072671216
7246234263
1070223373
1694570275
8290379383
8084996936
8184565174
7130564908
1665335474
1523594950
7400477670
5601581995
5243338619
1988453092
7849600002
1315979492
7620017043
7885097523
8301103358
8331860359
7776236622
8451187476
8502185364
8267762882
7986871329
961863162
6461029122
6165617254
6582219547
2136034738
8419332190
