6813390517
6565991024
7281495879
5211776816
822713467
926419230
685709351
7621330830
5158638709
7702552810
6687658464
1954973555
7686196136
5975876454
8154096331
7937041092
7473965220
7480373318
6867522464
2072671216
7246234263
1070223373
1694570275
8290379383
8084996936
8184565174
7130564908
1665335474
1523594950
7400477670
5601581995
5243338619
1988453092
7849600002
1315979492
7620017043
7885097523
8301103358
8331860359
7776236622
8451187476
8502185364
8267762882
7986871329
961863162
6461029122
6165617254
6582219547
2136034738
8419332190
8227309617
7406602198
8429267633
5291248471
1099548350
1294713560
5704140439
8453296886
7886960096
6451235145
440999882
7279997714
8069034251
8519035991
7951353914
8250709654
7121259719
8549267421
6123515868
6050631402
295882825
1001184257
7116907707
7502309134
1477393025
7424735171
8230955983
215245352
8375571405
8442610989
1190120250
5084685847
1024591
1566909
1685169
28971190
33879940
41984548
48798918
52721949
54006894
57336389
57709063
59815148
66855590
67137049
68673445
71574442
74673782
80387087
80670347
81988815
85632218
86361489
90348136
91589690
96092892
97437199
101164638
101195143
105802607
106947531
109165173
110289128
111431228
117627977
121735203
122625365
129447746
129702169
129931097
130901040
140138548
142892169
147339352
149063841
8524691889
5699714439
1735034862
8228741089
1556916
8186203680
8162381555
6265048714
6900292248
6518095422
6198938587
7414944446
8150532895
1075414817
8520088238
8393827323
1044235455
